-23232326
166
-77
-852
-405
-811
-735
-244
444
772
829
952
-561
-143
278
-507
-683
-322
884
-952
-819
82
-627
211
-452
-412
81
124
-421
-17
-50
39
-715
433
-160
75
125
-505
-574
299
-295
-175
-112
652
-329
-131
-245
37
-498
-153
-39
555
356
63
-930
-181
-777
334
-120
192
-851
-174
-410
-224
19
150
-887
31
557
716
-645
-414
1
-144
-455
-524
-627
592
-863
55
-666
-502
896
119
-675
-160
501
-550
-94
-672
178
-194
-816
139
320
-671
-839
-372
404
-611
886
180
885
126
-151
-862
-123
-118
251
238
620
-804
454
378
-421
344
287
-387
311
705
-595
634
-575
-82
822
-648
159
-472
-71
903
177
70
35
756
-792
842
267
620
313
-38
-969
510
226
109
847
145
356
413
-198
-822
780
807
-395
-358
291
-472
949
549
881
204
684
-653
103
210
-455
-544
474
294
329
-45
-909
-395
746
-439
61
706
-621
495
590
323
-377
-811
818
270
415
-203
-302
-85
810
832
31
887
-854
-568
785
384
690
-402
-364
894
257
-344
799
-124
-583
873
-410
-558
-193
987
37
325
-481
248
-122
660
-543
-979
332
-142
160
623
713
-917
-722
-349
503
-37
595
-650
343
91
216
-497
888
-561
-669
-89
-431
-978
-620
934
-490
856
860
-621
-256
-392
272
-598
748
424
916
-762
-873
-309
417
-559
718
-231
-639
-991
-440
-999
-326
-409
243
537
719
342
107
-838
-215
-524
-994
-899
-130
-84
418
140
31
12
-829
112
181
-466
-474
719
-651
231
745
-692
-431
-435
714
-806
-275
417
-666
-954
-610
-260
-486
-219
-426
456
756
417
568
508
236
85
-509
179
988
-150
137
-408
192
627
